ID,1,2,3,4,5,6,7,8,9
1,0,2.85,4.51,3.36,7.67,6.46,3.83,6.01,2.97
2,2.85,0,4.75,0.89,7.63,3.84,3.73,3.23,2.64
3,4.51,4.75,0,4.25,3.16,5.67,7.9,5.97,2.12
4,3.36,0.89,4.25,0,6.96,3.11,4.6,2.67,2.22
5,7.67,7.63,3.16,6.96,0,7.23,11.01,7.88,5.12
6,6.46,3.84,5.67,3.11,7.23,0,7.13,1,4.42
7,3.83,3.73,7.9,4.6,11.01,7.13,0,6.26,5.9
8,6.01,3.23,5.97,2.67,7.88,1,6.26,0,4.41
9,2.97,2.64,2.12,2.22,5.12,4.42,5.9,4.41,0
