{
 "metadata": {
  "language_info": {
   "codemirror_mode": {
    "name": "ipython",
    "version": 3
   },
   "file_extension": ".py",
   "mimetype": "text/x-python",
   "name": "python",
   "nbconvert_exporter": "python",
   "pygments_lexer": "ipython3",
   "version": "3.9.1-final"
  },
  "orig_nbformat": 2,
  "kernelspec": {
   "name": "python3",
   "display_name": "Python 3.9.1 64-bit",
   "metadata": {
    "interpreter": {
     "hash": "c569cd2e17f62341e0f08a54f9a867c3c0d3a6f67454072d7de41a8b5dff8343"
    }
   }
  }
 },
 "nbformat": 4,
 "nbformat_minor": 2,
 "cells": [
  {
   "cell_type": "code",
   "execution_count": 6,
   "metadata": {},
   "outputs": [
    {
     "output_type": "stream",
     "name": "stdout",
     "text": [
      "[[0.00000000e+00 2.85112259e+00 4.50693909e+00 3.36382223e+00\n  7.66655725e+00 6.45889309e+00 3.82973889e+00 6.01295269e+00\n  2.97134650e+00]\n [2.85112259e+00 8.42936970e-08 4.75304113e+00 8.85437745e-01\n  7.63026867e+00 3.84075513e+00 3.72529193e+00 3.23396042e+00\n  2.63734715e+00]\n [4.50693909e+00 4.75304113e+00 0.00000000e+00 4.25179962e+00\n  3.16442728e+00 5.67492731e+00 7.90280963e+00 5.97227762e+00\n  2.11929233e+00]\n [3.36382223e+00 8.85437745e-01 4.25179962e+00 0.00000000e+00\n  6.95851996e+00 3.11451441e+00 4.60341178e+00 2.66745197e+00\n  2.22000000e+00]\n [7.66655725e+00 7.63026867e+00 3.16442728e+00 6.95851996e+00\n  0.00000000e+00 7.23220575e+00 1.10097048e+01 7.87977792e+00\n  5.12064449e+00]\n [6.45889309e+00 3.84075513e+00 5.67492731e+00 3.11451441e+00\n  7.23220575e+00 1.19209290e-07 7.12965637e+00 1.00124922e+00\n  4.42232970e+00]\n [3.82973889e+00 3.72529193e+00 7.90280963e+00 4.60341178e+00\n  1.10097048e+01 7.12965637e+00 0.00000000e+00 6.25626886e+00\n  5.89727056e+00]\n [6.01295269e+00 3.23396042e+00 5.97227762e+00 2.66745197e+00\n  7.87977792e+00 1.00124922e+00 6.25626886e+00 0.00000000e+00\n  4.41117898e+00]\n [2.97134650e+00 2.63734715e+00 2.11929233e+00 2.22000000e+00\n  5.12064449e+00 4.42232970e+00 5.89727056e+00 4.41117898e+00\n  0.00000000e+00]]\n"
     ]
    }
   ],
   "source": [
    "from sklearn.metrics.pairwise import euclidean_distances\n",
    "\n",
    "X = [\n",
    "    [5.56, 1.25],\n",
    "    [3.61, 3.33],\n",
    "    [8.06, 5.0],\n",
    "    [3.89, 4.17],\n",
    "    [10.0, 7.5],\n",
    "    [2.78, 7.08],\n",
    "    [1.94, 0.0],\n",
    "    [2.22, 6.25],\n",
    "    [6.11, 4.17]\n",
    "]\n",
    "\n",
    "matrix = euclidean_distances(X, X)\n",
    "print(matrix)\n",
    "with open(\"dist-matrix.csv\", 'w') as fx:\n",
    "    for row in matrix:\n",
    "        for item in row:\n",
    "            fx.write(str(item) + \",\")\n",
    "        fx.write(\"\\n\")\n"
   ]
  }
 ]
}